h
&
(
3
n3
3
3
3
3
3
3
9
3
3
o
1
42
)
7
9
3
2
p
2
2
4
3
3
3
7
4
q3
1
>
7
3
3
4
O3
Z3
1
*
2
3
3
3
3
2
1
93
4
X
3
3
3
2
3
3
3
3
3
3
3
}
1
>
3
1
>
2
3
3
3
3
3
g
q
0
(
3
3
3
3
3
3
3
3
3
3
3
3
1
4
c2
2
3
3
3
3
3
3
3
3
3
3
3
x
3
3
3
4
T
4
'
4
3
3
3
3
3
74
'
1
3
P3
3
3
_
3
3
3
3
0
%
3
3
3
3
5
"
3
s3
P
3
3
3
3
4
3
3
3
4
O3
3
3
3
3
P3
3
4
4
3
3
3
3
2
R
.
3
3
3
1
*
3
3
3
3
3
3
3
2
Q
3
3
3
4
2
[
3
3
3
3
9
3
A3
3
4
l
2
e3
3
3
2
R
1
/
3
3
3
3
1
4
5
"
3
3
3
3
3
3
3
3
.
3
3
3
3
2
f
3
3
3
3
3
3
3
3
3
2
3
3
3
3
2
3
3
3
4
I
3
y3
3
3
3
0
3
3
3
3
3
.
5
?
4
b3
3
3
3
3
3
2
M0
5
+
3
3
3
3
3
3
3
3
3
3
3
-
3
3
3
3
3
3
3
3
3
3
3
3
3
3
1
C3
<
2
3
3
3
3
3
3
3
2
G4
60
%
4
E2
.
3
3
3
3
3
3
3
3
3
3
3
3
?
?
?
?
?
